345
86
327
151
223
58
90
220
288
261
61
107
20
95
136
338
201
308
66
202
16
184
235
326
304
99
344
19
212
234
334
190
200
303
44
222
135
277
312
77
295
63
307
302
47
284
23
121
340
323
133
294
264
166
59
7
153
42
181
253
320
273
14
150
280
187
101
333
89
24
-1
230
154
314
285
266
56
72
74
36
337
321
172
15
332
144
120
265
93
158
252
39
41
35
276
328
29
129
248
227
275
324
110
217
258
211
249
69
278
262
169
180
215
62
310
52
163
229
282
246
269
85
171
4
152
259
103
45
325
272
339
289
104
137
9
228
127
287
37
238
118
188
221
51
22
236
192
64
91
297
313
317
247
216
196
189
343
82
162
83
301
116
146
298
79
306
156
10
6
260
341
17
148
283
132
214
329
316
8
18
186
318
142
87
210
123
111
159
88
31
207
50
165
100
226
183
98
40
164
114
149
191
131
134
174
182
125
225
21
305
197
124
75
245
237
170
173
331
46
108
240
342
270
218
81
28
322
250
5
49
291
195
241
185
296
268
251
335
213
256
26
3
80
33
13
290
224
70
30
102
206
233
155
84
274
178
145
115
105
194
198
11
76
130
43
209
244
271
57
60
286
330
113
55
138
281
293
176
97
53
315
177
65
1
243
112
257
311
128
319
48
254
34
193
68
122
157
239
232
267
12
175
161
143
300
67
92
140
126
203
199
167
27
54
25
2
292
279
160
78
242
205
336
204
147
94
96
32
141
219
109
255
263
38
139
119
168
71
231
208
299
117
309
73
106
179

