436
301
534
519
287
761
250
2
697
688
739
524
628
780
703
817
79
764
778
37
166
781
627
93
162
425
675
224
186
503
670
566
205
641
216
193
618
742
651
572
172
667
314
13
723
562
571
196
441
260
40
724
679
73
704
3
266
295
333
541
701
228
322
118
579
727
501
774
147
355
514
481
580
319
644
353
63
694
600
410
226
797
131
145
45
513
30
608
279
293
310
477
447
536
223
35
137
219
24
631
120
357
469
54
733
139
476
597
317
133
429
625
290
306
158
561
113
804
626
187
208
289
545
394
598
334
518
389
165
281
537
557
243
668
108
34
482
614
111
209
203
99
656
328
527
350
62
421
707
423
813
17
522
252
637
689
308
582
215
155
652
129
95
89
191
340
726
345
235
678
192
23
51
478
647
730
810
721
531
43
220
803
648
632
445
67
624
296
588
729
110
238
200
117
508
132
415
380
621
236
149
336
115
759
33
123
58
732
521
41
463
324
805
83
233
347
19
10
371
81
605
455
91
320
27
741
601
114
505
574
687
161
90
170
284
107
649
662
695
775
217
760
772
682
591
529
615
664
164
344
18
127
800
604
280
225
163
303
134
229
569
458
769
788
283
87
406
74
666
722
285
386
327
573
611
21
201
785
5
747
590
382
507
288
433
413
144
461
796
639
708
583
76
401
792
60
214
717
790
462
483
404
669
383
390
736
539
705
20
179
393
506
102
713
379
771
188
313
361
815
195
674
80
140
492
202
261
460
61
272
242
808
680
26
253
52
156
812
412
403
277
671
206
136
262
712
190
748
699
249
770
737
309
59
510
426
408
373
612
635
459
549
702
640
325
363
39
378
538
177
757
255
356
422
685
526
-1
388
766
351
332
446
599
560
106
672
245
718
341
234
479
586
451
659
509
257
643
213
222
157
323
116
101
428
793
251
816
692
96
454
584
802
47
567
359
42
645
77
31
558
387
264
467
376
620
485
64
768
1
259
489
189
555
271
368
559
184
65
488
725
94
751
183
762
167
199
449
362
776
495
204
50
69
392
728
326
258
700
532
535
786
634
767
146
657
354
300
576
338
468
126
25
715
431
125
720
520
358
360
550
474
756
302
160
731
329
698
176
348
248
564
491
381
633
6
168
397
592
427
240
763
11
48
714
88
28
92
312
735
617
636
809
424
130
638
577
299
749
256
105
175
103
198
275
511
38
783
221
49
619
457
493
663
276
497
750
595
439
498
589
502
630
709
286
500
365
174
593
337
98
84
673
9
610
606
8
211
395
269
182
578
543
142
138
556
693
743
676
141
335
784
112
706
15
278
660
12
442
795
53
533
207
443
655
82
740
548
417
744
528
385
414
806
367
369
753
212
609
370
7
315
765
691
565
230
232
44
738
304
100
119
570
181
791
154
294
68
646
587
530
349
330
517
409
420
185
650
456
374
613
97
292
121
818
311
642
364
75
622
544
321
523
540
616
755
581
402
78
109
405
575
754
375
104
473
814
789
470
801
465
66
434
653
169
159
487
265
237
153
57
407
4
716
239
419
227
343
143
171
603
516
14
480
711
366
72
398
448
594
298
798
152
86
178
546
773
339
246
602
124
607
377
661
811
450
400
135
291
444
384
504
710
342
273
194
496
684
268
563
22
180
197
515
122
399
677
690
148
418
282
346
411
173
241
525
596
36
777
752
70
490
85
307
318
542
512
391
551
779
623
681
218
464
746
263
267
547
210
554
486
794
654
745
416
484
499
46
352
430
247
316
782
231
244
787
55
297
32
552
254
475
151
128
372
438
29
758
270
16
432
305
274
807
440
452
435
453
553
150
568
56
686
494
696
396
437
719
665
585
658
683
799
472
734
471
629
71
466
331

