PolyLines
Line Manifest:
3
3
7
7
5
5
13
13
5
5
11
11
5
5
11
11
5
5
29
29
9
9
3
3
5
5
3
3
3
3
3
3
3
3
3
3
11
11
7
7
3
3
3
3
7
7
11
11
3
3
3
3
5
5
3
3
5
5
3
3
7
7
5
5
5
5
7
7
3
3
3
3
5
5
7
7
5
5
3
3
7
7
5
5
5
5
7
7
3
3
3
3
5
5
3
3
9
9
7
7
3
3
5
5
3
3
7
7
5
5
5
5
5
5
9
9
3
3
End of Line Manifest
3
0	0.00506467
7.28804	1.11022e-16
14.5761	0.0016787
3
0	0.00506467
7.28804	1.11022e-16
14.5761	0.0016787
7
7.28804	1.11022e-16
16.0175	0.0237611
33.4763	0.0700403
50.9351	0.191091
68.394	0.317908
85.8528	0.431097
94.5822	0.465761
7
7.28804	1.11022e-16
16.0175	0.0237611
33.4763	0.0700403
50.9351	0.191091
68.394	0.317908
85.8528	0.431097
94.5822	0.465761
5
7.28804	1.11022e-16
11.1547	0.0102363
18.888	0.0347556
26.6214	0.0698667
30.488	0.0902888
5
7.28804	1.11022e-16
11.1547	0.0102363
18.888	0.0347556
26.6214	0.0698667
30.488	0.0902888
13
7.28804	1.11022e-16
16.5101	0.0255651
34.9542	0.0752298
53.3983	0.131187
71.8425	0.188686
90.2866	0.243523
108.731	0.295976
127.175	0.346282
145.619	0.394647
164.063	0.441249
182.507	0.486247
200.951	0.529779
210.173	0.551094
13
7.28804	1.11022e-16
16.5101	0.0255651
34.9542	0.0752298
53.3983	0.131187
71.8425	0.188686
90.2866	0.243523
108.731	0.295976
127.175	0.346282
145.619	0.394647
164.063	0.441249
182.507	0.486247
200.951	0.529779
210.173	0.551094
5
7.28804	1.11022e-16
14.3122	0.0185174
28.3605	0.0547751
42.4089	0.0899852
49.433	0.107249
5
7.28804	1.11022e-16
14.3122	0.0185174
28.3605	0.0547751
42.4089	0.0899852
49.433	0.107249
11
94.5822	0.465761
103.078	0.511241
120.069	0.596981
137.06	0.676503
154.051	0.750723
171.043	0.820374
188.034	0.886052
205.025	0.948246
222.016	1.00737
239.007	1.06205
247.503	1.08778
11
94.5822	0.465761
103.078	0.511241
120.069	0.596981
137.06	0.676503
154.051	0.750723
171.043	0.820374
188.034	0.886052
205.025	0.948246
222.016	1.00737
239.007	1.06205
247.503	1.08778
5
94.5822	0.465761
99.1184	0.495559
108.191	0.552777
117.263	0.607061
121.799	0.63322
5
94.5822	0.465761
99.1184	0.495559
108.191	0.552777
117.263	0.607061
121.799	0.63322
11
94.5822	0.465761
101.454	0.505182
115.197	0.602715
128.94	0.692203
142.683	0.774758
156.426	0.851437
170.169	0.92308
183.912	0.990359
197.655	1.05382
211.398	1.11393
218.27	1.13652
11
94.5822	0.465761
101.454	0.505182
115.197	0.602715
128.94	0.692203
142.683	0.774758
156.426	0.851437
170.169	0.92308
183.912	0.990359
197.655	1.05382
211.398	1.11393
218.27	1.13652
5
30.488	0.0902888
33.0675	0.115706
38.2264	0.153182
43.3854	0.184807
45.9649	0.195092
5
30.488	0.0902888
33.0675	0.115706
38.2264	0.153182
43.3854	0.184807
45.9649	0.195092
29
30.488	0.0902888
33.7759	0.13387
40.3518	0.216946
46.9276	0.29488
53.5034	0.368417
60.0793	0.438159
66.6551	0.504601
73.2309	0.568154
79.8068	0.629163
86.3826	0.687922
92.9585	0.727988
99.5343	0.78624
106.11	0.858508
112.686	0.905554
119.262	0.978209
125.838	1.04743
132.413	1.11367
138.989	1.1773
145.565	1.23863
152.141	1.29792
158.717	1.3554
165.293	1.41127
171.868	1.4657
178.444	1.51884
185.02	1.57081
191.596	1.61993
198.172	1.65788
204.748	1.69927
208.036	1.70872
29
30.488	0.0902888
33.7759	0.13387
40.3518	0.216946
46.9276	0.29488
53.5034	0.368417
60.0793	0.438159
66.6551	0.504601
73.2309	0.568154
79.8068	0.629163
86.3826	0.687922
92.9585	0.727988
99.5343	0.78624
106.11	0.858508
112.686	0.905554
119.262	0.978209
125.838	1.04743
132.413	1.11367
138.989	1.1773
145.565	1.23863
152.141	1.29792
158.717	1.3554
165.293	1.41127
171.868	1.4657
178.444	1.51884
185.02	1.57081
191.596	1.61993
198.172	1.65788
204.748	1.69927
208.036	1.70872
9
210.173	0.551094
218.923	0.586625
236.422	0.654665
253.92	0.718925
271.419	0.779863
288.918	0.83786
306.417	0.893238
323.915	0.946273
332.665	0.969048
9
210.173	0.551094
218.923	0.586625
236.422	0.654665
253.92	0.718925
271.419	0.779863
288.918	0.83786
306.417	0.893238
323.915	0.946273
332.665	0.969048
3
210.173	0.551094
217.283	0.585777
224.392	0.619487
3
210.173	0.551094
217.283	0.585777
224.392	0.619487
5
49.433	0.107249
54.4741	0.119531
64.5562	0.143769
74.6383	0.167547
79.6794	0.179286
5
49.433	0.107249
54.4741	0.119531
64.5562	0.143769
74.6383	0.167547
79.6794	0.179286
3
49.433	0.107249
55.878	0.123053
62.3231	0.138707
3
49.433	0.107249
55.878	0.123053
62.3231	0.138707
3
247.503	1.08778
251.74	1.26198
255.977	1.28823
3
247.503	1.08778
251.74	1.26198
255.977	1.28823
3
247.503	1.08778
249.976	1.09613
252.449	1.10444
3
247.503	1.08778
249.976	1.09613
252.449	1.10444
3
218.27	1.13652
223.957	1.16085
229.644	1.18475
3
218.27	1.13652
223.957	1.16085
229.644	1.18475
3
218.27	1.13652
224.109	1.15017
229.947	1.16762
3
218.27	1.13652
224.109	1.15017
229.947	1.16762
11
45.9649	0.195092
49.9829	0.214332
58.0189	0.252888
66.055	0.300218
74.091	0.358167
82.127	0.414354
90.1631	0.468966
98.1991	0.522166
106.235	0.574098
114.271	0.624885
118.289	0.642796
11
45.9649	0.195092
49.9829	0.214332
58.0189	0.252888
66.055	0.300218
74.091	0.358167
82.127	0.414354
90.1631	0.468966
98.1991	0.522166
106.235	0.574098
114.271	0.624885
118.289	0.642796
7
45.9649	0.195092
48.8546	0.210593
54.6339	0.241492
60.4133	0.272064
66.1927	0.30233
71.972	0.332305
74.8617	0.3431
7
45.9649	0.195092
48.8546	0.210593
54.6339	0.241492
60.4133	0.272064
66.1927	0.30233
71.972	0.332305
74.8617	0.3431
3
332.665	0.969048
339.292	0.988388
345.918	1.00086
3
332.665	0.969048
339.292	0.988388
345.918	1.00086
3
332.665	0.969048
339.56	0.993474
346.455	1.0175
3
332.665	0.969048
339.56	0.993474
346.455	1.0175
7
255.977	1.28823
261.911	1.30757
273.777	1.34543
285.644	1.38219
297.51	1.41792
309.377	1.45269
315.31	1.46978
7
255.977	1.28823
261.911	1.30757
273.777	1.34543
285.644	1.38219
297.51	1.41792
309.377	1.45269
315.31	1.46978
11
255.977	1.28823
263.923	1.31276
279.814	1.36058
295.706	1.40671
311.597	1.45129
327.488	1.49445
343.38	1.53632
359.271	1.57699
375.162	1.61656
391.053	1.65512
398.999	1.67411
11
255.977	1.28823
263.923	1.31276
279.814	1.36058
295.706	1.40671
311.597	1.45129
327.488	1.49445
343.38	1.53632
359.271	1.57699
375.162	1.61656
391.053	1.65512
398.999	1.67411
3
252.449	1.10444
255.914	1.11696
259.38	1.12936
3
252.449	1.10444
255.914	1.11696
259.38	1.12936
3
252.449	1.10444
257.71	1.12386
262.972	1.14301
3
252.449	1.10444
257.71	1.12386
262.972	1.14301
5
229.644	1.18475
236.551	1.21367
250.366	1.26955
264.181	1.32292
271.088	1.3488
5
229.644	1.18475
236.551	1.21367
250.366	1.26955
264.181	1.32292
271.088	1.3488
3
229.644	1.18475
233.732	1.20558
237.82	1.22607
3
229.644	1.18475
233.732	1.20558
237.82	1.22607
5
229.947	1.16762
235.369	1.1954
246.214	1.24902
257.058	1.30017
262.48	1.32494
5
229.947	1.16762
235.369	1.1954
246.214	1.24902
257.058	1.30017
262.48	1.32494
3
229.947	1.16762
234.63	1.19192
239.314	1.21574
3
229.947	1.16762
234.63	1.19192
239.314	1.21574
7
345.918	1.00086
352.63	1.02972
366.054	1.08544
379.478	1.13861
392.901	1.1895
406.325	1.23831
413.037	1.25038
7
345.918	1.00086
352.63	1.02972
366.054	1.08544
379.478	1.13861
392.901	1.1895
406.325	1.23831
413.037	1.25038
5
345.918	1.00086
350.601	1.0122
359.965	1.03463
369.329	1.05672
374.012	1.07317
5
345.918	1.00086
350.601	1.0122
359.965	1.03463
369.329	1.05672
374.012	1.07317
5
259.38	1.12936
264.555	1.14896
274.905	1.18725
285.255	1.22433
290.431	1.24248
5
259.38	1.12936
264.555	1.14896
274.905	1.18725
285.255	1.22433
290.431	1.24248
7
259.38	1.12936
266.658	1.15564
281.215	1.20661
295.772	1.25551
310.329	1.30254
324.886	1.34787
332.164	1.36999
7
259.38	1.12936
266.658	1.15564
281.215	1.20661
295.772	1.25551
310.329	1.30254
324.886	1.34787
332.164	1.36999
3
262.972	1.14301
269.892	1.1677
276.813	1.19198
3
262.972	1.14301
269.892	1.1677
276.813	1.19198
3
262.972	1.14301
264.642	1.14944
266.312	1.15585
3
262.972	1.14301
264.642	1.14944
266.312	1.15585
5
271.088	1.3488
274.982	1.36371
282.768	1.39303
290.555	1.42165
294.449	1.42784
5
271.088	1.3488
274.982	1.36371
282.768	1.39303
290.555	1.42165
294.449	1.42784
7
271.088	1.3488
277.747	1.37815
291.066	1.4348
304.384	1.48882
317.703	1.54047
331.021	1.59
337.68	1.61408
7
271.088	1.3488
277.747	1.37815
291.066	1.4348
304.384	1.48882
317.703	1.54047
331.021	1.59
337.68	1.61408
5
237.82	1.22607
240.641	1.24006
246.283	1.26755
251.925	1.29438
254.746	1.30757
5
237.82	1.22607
240.641	1.24006
246.283	1.26755
251.925	1.29438
254.746	1.30757
3
237.82	1.22607
244.98	1.26126
252.141	1.29549
3
237.82	1.22607
244.98	1.26126
252.141	1.29549
7
413.037	1.25038
418.67	1.27181
429.937	1.31361
441.204	1.35402
452.471	1.39313
463.738	1.43106
469.371	1.44964
7
413.037	1.25038
418.67	1.27181
429.937	1.31361
441.204	1.35402
452.471	1.39313
463.738	1.43106
469.371	1.44964
5
413.037	1.25038
420.176	1.26524
434.454	1.30583
448.732	1.35618
455.871	1.38066
5
413.037	1.25038
420.176	1.26524
434.454	1.30583
448.732	1.35618
455.871	1.38066
5
374.012	1.07317
378.208	1.09231
386.602	1.12969
394.995	1.16588
399.191	1.18357
5
374.012	1.07317
378.208	1.09231
386.602	1.12969
394.995	1.16588
399.191	1.18357
7
374.012	1.07317
379.525	1.09788
390.553	1.1458
401.581	1.19179
412.608	1.23604
423.636	1.27867
429.15	1.29946
7
374.012	1.07317
379.525	1.09788
390.553	1.1458
401.581	1.19179
412.608	1.23604
423.636	1.27867
429.15	1.29946
3
290.431	1.24248
295.998	1.26171
301.565	1.28071
3
290.431	1.24248
295.998	1.26171
301.565	1.28071
3
290.431	1.24248
294.03	1.25498
297.629	1.26739
3
290.431	1.24248
294.03	1.25498
297.629	1.26739
5
332.165	1.36999
340.656	1.39537
357.639	1.44481
374.623	1.49248
383.114	1.51577
5
332.165	1.36999
340.656	1.39537
357.639	1.44481
374.623	1.49248
383.114	1.51577
3
332.165	1.36999
336.99	1.38489
341.816	1.39965
3
332.165	1.36999
336.99	1.38489
341.816	1.39965
9
276.813	1.19198
285.115	1.22036
301.719	1.27533
318.323	1.32797
334.927	1.3785
351.532	1.42713
368.136	1.47404
384.74	1.51937
393.042	1.54157
9
276.813	1.19198
285.115	1.22036
301.719	1.27533
318.323	1.32797
334.927	1.3785
351.532	1.42713
368.136	1.47404
384.74	1.51937
393.042	1.54157
7
294.449	1.42784
301.894	1.44935
316.785	1.49147
331.675	1.53234
346.566	1.57204
361.457	1.61068
368.902	1.62967
7
294.449	1.42784
301.894	1.44935
316.785	1.49147
331.675	1.53234
346.566	1.57204
361.457	1.61068
368.902	1.62967
3
294.449	1.42784
299.46	1.43513
304.471	1.4459
3
294.449	1.42784
299.46	1.43513
304.471	1.4459
5
469.371	1.44964
472.837	1.46096
479.769	1.48332
486.7	1.5053
490.166	1.51617
5
469.371	1.44964
472.837	1.46096
479.769	1.48332
486.7	1.5053
490.166	1.51617
3
469.371	1.44964
472.722	1.46069
476.073	1.47167
3
469.371	1.44964
472.722	1.46069
476.073	1.47167
7
455.871	1.38066
461.125	1.39864
471.633	1.43389
482.141	1.4682
492.648	1.50161
503.156	1.53419
508.41	1.55021
7
455.871	1.38066
461.125	1.39864
471.633	1.43389
482.141	1.4682
492.648	1.50161
503.156	1.53419
508.41	1.55021
5
455.871	1.38066
460.543	1.39692
469.887	1.42886
479.231	1.46001
483.903	1.47533
5
455.871	1.38066
460.543	1.39692
469.887	1.42886
479.231	1.46001
483.903	1.47533
5
368.902	1.62967
375.892	1.6476
389.871	1.68291
403.85	1.71741
410.84	1.73442
5
368.902	1.62967
375.892	1.6476
389.871	1.68291
403.85	1.71741
410.84	1.73442
5
368.902	1.62967
373.724	1.6422
383.368	1.66699
393.013	1.69137
397.835	1.70301
5
368.902	1.62967
373.724	1.6422
383.368	1.66699
393.013	1.69137
397.835	1.70301
9
304.471	1.4459
311.113	1.46546
324.399	1.50382
337.685	1.54112
350.97	1.57743
364.256	1.61282
377.542	1.64736
390.827	1.6811
397.47	1.69774
9
304.471	1.4459
311.113	1.46546
324.399	1.50382
337.685	1.54112
350.97	1.57743
364.256	1.61282
377.542	1.64736
390.827	1.6811
397.47	1.69774
3
304.471	1.4459
309.165	1.47401
313.859	1.50147
3
304.471	1.4459
309.165	1.47401
313.859	1.50147
