PolyLines
Line Manifest:
3
7
5
13
5
11
5
11
5
29
9
3
5
3
3
3
3
3
11
7
3
3
7
11
3
3
5
3
5
3
7
5
5
7
3
3
5
7
5
3
7
5
5
7
3
3
5
3
9
7
3
5
3
7
5
5
5
9
3
End of Line Manifest
3
0	-0
7.28804	1.11022e-16
14.5761	-0
7
7.28804	1.11022e-16
16.0175	0.00749936
33.4763	0.0222582
50.9351	0.0641349
68.394	0.115115
85.8528	0.168055
94.5822	0.185659
5
7.28804	1.11022e-16
11.1547	0.0118325
18.888	0.0385497
26.6214	0.0761332
30.488	0.0976488
13
7.28804	1.11022e-16
16.5101	0.00524621
34.9542	0.0153808
53.3983	0.0269359
71.8425	0.0390513
90.2866	0.0508173
108.731	0.0622257
127.175	0.0732681
145.619	0.0839364
164.063	0.0942225
182.507	0.104119
200.951	0.113617
210.173	0.118153
5
7.28804	1.11022e-16
14.3122	0.00069359
28.3605	0.0018529
42.4089	0.00278428
49.433	0.00313574
11
94.5822	0.185659
103.078	0.196313
120.069	0.217354
137.06	0.238233
154.051	0.258943
171.043	0.279477
188.034	0.299827
205.025	0.319985
222.016	0.339944
239.007	0.359077
247.503	0.368182
5
94.5822	0.185659
99.1184	0.185916
108.191	0.186259
117.263	0.18643
121.799	0.18643
11
94.5822	0.185659
101.454	0.192707
115.197	0.21104
128.94	0.229295
142.683	0.247424
156.426	0.265421
170.169	0.283283
183.912	0.301003
197.655	0.318578
211.398	0.336001
218.27	0.342636
5
30.488	0.0976488
33.0675	0.108131
38.2264	0.123414
43.3854	0.136152
45.9649	0.140106
29
30.488	0.0976488
33.7759	0.111042
40.3518	0.137011
46.9276	0.162303
53.5034	0.186885
60.0793	0.210719
66.6551	0.23377
73.2309	0.256001
79.8068	0.277375
86.3826	0.297853
92.9585	0.311495
99.5343	0.329855
106.11	0.352639
112.686	0.366745
119.262	0.388105
125.838	0.408297
132.413	0.427273
138.989	0.444986
145.565	0.461391
152.141	0.476445
158.717	0.490105
165.293	0.502333
171.868	0.513094
178.444	0.522356
185.02	0.530091
191.596	0.536049
198.172	0.539208
204.748	0.541368
208.036	0.541368
9
210.173	0.118153
218.923	0.125685
236.422	0.140319
253.92	0.154568
271.419	0.168422
288.918	0.181868
306.417	0.194897
323.915	0.207496
332.665	0.212823
3
210.173	0.118153
217.283	0.118349
224.392	0.118349
5
49.433	0.00313574
54.4741	0.00331263
64.5562	0.00354851
74.6383	0.00366647
79.6794	0.00366647
3
49.433	0.00313574
55.878	0.00323214
62.3231	0.00323214
3
247.503	0.368182
251.74	0.389354
255.977	0.392832
3
247.503	0.368182
249.976	0.369848
252.449	0.371493
3
218.27	0.342636
223.957	0.348948
229.644	0.355143
3
218.27	0.342636
224.109	0.343003
229.947	0.343342
11
45.9649	0.140106
49.9829	0.144601
58.0189	0.152447
66.055	0.160785
74.091	0.169839
82.127	0.177469
90.1631	0.183654
98.1991	0.188377
106.235	0.191622
114.271	0.193381
118.289	0.193381
7
45.9649	0.140106
48.8546	0.141682
54.6339	0.144223
60.4133	0.14615
66.1927	0.147462
71.972	0.148158
74.8617	0.148158
3
332.665	0.212823
339.292	0.217245
345.918	0.219986
3
332.665	0.212823
339.56	0.213007
346.455	0.213007
7
255.977	0.392832
261.911	0.393541
273.777	0.394676
285.644	0.395528
297.51	0.396096
309.377	0.396381
315.31	0.396381
11
255.977	0.392832
263.923	0.395097
279.814	0.399131
295.706	0.40267
311.597	0.40571
327.488	0.408248
343.38	0.410282
359.271	0.411809
375.162	0.412827
391.053	0.413337
398.999	0.413337
3
252.449	0.371493
255.914	0.372806
259.38	0.374072
3
252.449	0.371493
257.71	0.373003
262.972	0.374403
5
229.644	0.355143
236.551	0.362056
250.366	0.375558
264.181	0.388777
271.088	0.395219
3
229.644	0.355143
233.732	0.355534
237.82	0.355843
5
229.947	0.343342
235.369	0.343769
246.214	0.344339
257.058	0.344624
262.48	0.344624
3
229.947	0.343342
234.63	0.343449
239.314	0.343449
7
345.918	0.219986
352.63	0.224248
366.054	0.232406
379.478	0.240212
392.901	0.24766
406.325	0.254746
413.037	0.256383
5
345.918	0.219986
350.601	0.220643
359.965	0.221812
369.329	0.222837
374.012	0.223511
5
259.38	0.374072
264.555	0.374588
274.905	0.375402
285.255	0.376001
290.431	0.376193
7
259.38	0.374072
266.658	0.376012
281.215	0.379472
295.772	0.382516
310.329	0.38514
324.886	0.387342
332.164	0.38823
3
262.972	0.374403
269.892	0.376201
276.813	0.377809
3
262.972	0.374403
264.642	0.374414
266.312	0.374414
5
271.088	0.395219
274.982	0.398241
282.768	0.404164
290.555	0.409975
294.449	0.411199
7
271.088	0.395219
277.747	0.39629
291.066	0.398005
304.384	0.399292
317.703	0.400151
331.021	0.400581
337.68	0.400581
5
237.82	0.355843
240.641	0.355958
246.283	0.356113
251.925	0.35619
254.746	0.35619
3
237.82	0.355843
244.98	0.356091
252.141	0.356091
7
413.037	0.256383
418.67	0.257468
429.937	0.259346
441.204	0.260935
452.471	0.262234
463.738	0.26324
469.371	0.263598
5
413.037	0.256383
420.176	0.257554
434.454	0.26035
448.732	0.263462
455.871	0.264786
5
374.012	0.223511
378.208	0.223755
386.602	0.22408
394.995	0.224242
399.191	0.224242
7
374.012	0.223511
379.525	0.224211
390.553	0.225332
401.581	0.226173
412.608	0.226734
423.636	0.227014
429.15	0.227014
3
290.431	0.376193
295.998	0.376318
301.565	0.376318
3
290.431	0.376193
294.03	0.376245
297.629	0.376245
5
332.165	0.38823
340.656	0.389103
357.639	0.390266
374.623	0.390848
383.114	0.390848
3
332.165	0.38823
336.99	0.388324
341.816	0.388324
9
276.813	0.377809
285.115	0.379741
301.719	0.383058
318.323	0.385828
334.927	0.388047
351.532	0.389714
368.136	0.390826
384.74	0.391383
393.042	0.391383
7
294.449	0.411199
301.894	0.413427
316.785	0.417435
331.675	0.420996
346.566	0.424105
361.457	0.426761
368.902	0.42786
3
294.449	0.411199
299.46	0.411773
304.471	0.412521
5
469.371	0.263598
472.837	0.263764
479.769	0.263985
486.7	0.264096
490.166	0.264096
3
469.371	0.263598
472.722	0.263649
476.073	0.263649
7
455.871	0.264786
461.125	0.265421
471.633	0.266439
482.141	0.267202
492.648	0.267712
503.156	0.267967
508.41	0.267967
5
455.871	0.264786
460.543	0.265088
469.887	0.26549
479.231	0.265692
483.903	0.265692
5
368.902	0.42786
375.892	0.42847
389.871	0.429284
403.85	0.429691
410.84	0.429691
5
368.902	0.42786
373.724	0.428151
383.368	0.428541
393.013	0.428736
397.835	0.428736
9
304.471	0.412521
311.113	0.413801
324.399	0.415998
337.685	0.417832
350.97	0.4193
364.256	0.420402
377.542	0.421137
390.827	0.421505
397.47	0.421505
3
304.471	0.412521
309.165	0.412648
313.859	0.412648
