3
3
3
3
3
3
2
3
4
4
5
5
6
7
8
8
9
10
10
11
12
13
14
15
16
17
18
18
18
19
19
19
19
19
19
19
19
19
19
19
19
20
21
21
22
22
22
22
22
22
22
23
23
23
23
22
22
22
22
22
22
22
22
22
0
0
0
0
0
4
4
7
11
15
17
18
20
22
23
25
26
28
30
30
30
30
30
31
31
32
32
32
32
32
32
34
35
36
36
36
36
36
36
37
37
37
37
37
38
38
38
38
38
38
37
38
38
39
39
39
39
39
39
39
39
16
16
16
17
19
21
23
24
26
28
30
32
33
33
33
34
34
34
34
35
35
35
35
33
34
34
34
34
35
35
35
35
35
33
34
34
34
34
35
36
36
36
37
37
37
37
37
37
36
36
36
36
36
0
0
0
0
0
0
0
0
0
0
0
0
0
0
0
0
0
0
0
0
0
0
0
0
0
0
0
0
0
0
0
0
0
0
0
0
0
0
0
0
0
0
0

