830
574
1016
987
546
1447
476
5
1325
1309
1406
997
1195
1484
1338
1553
151
1194
1454
1480
71
317
1486
1193
178
309
152
810
1283
427
355
957
1275
1076
391
1219
411
368
1176
1410
1238
1088
329
1269
599
25
1375
1070
1087
1308
373
840
495
77
1377
1292
141
1339
7
507
562
635
1030
1333
434
613
225
1101
1382
954
1472
280
675
979
914
1103
608
1224
672
121
1320
1142
780
431
1516
251
996
278
87
976
58
1156
531
558
591
907
850
1019
424
68
261
417
46
1200
229
1102
679
893
506
103
1393
266
1135
603
254
817
1188
418
552
583
301
1067
216
1529
1191
358
397
550
1037
749
1137
636
986
741
315
536
1022
1059
463
1271
207
66
918
1167
212
398
386
189
1247
625
1002
666
119
801
1344
805
561
1545
34
994
481
1212
1311
586
1107
409
295
1239
246
183
171
363
648
1453
781
1381
656
448
1289
366
45
98
909
1231
1388
1541
1372
1010
83
420
1
1527
1268
1232
1202
846
128
1186
563
1119
1386
553
210
453
381
223
966
253
647
750
791
723
1182
449
285
641
587
220
1443
65
235
112
1391
990
79
880
104
618
1531
159
444
661
38
20
706
156
1150
865
1077
175
609
52
179
1143
217
962
410
1092
1307
307
172
324
541
204
1235
1260
1323
1473
414
480
1445
1468
1297
1125
1006
1169
1262
806
314
655
1015
450
35
242
1521
1148
533
430
310
578
256
436
1083
88
871
1463
1499
539
167
772
284
1267
542
735
622
1090
1163
224
41
383
1492
11
1321
1420
1123
728
965
549
356
824
787
274
877
1514
1215
72
1029
365
1347
1108
1211
146
763
1506
115
408
1168
1365
1503
879
1290
769
1273
730
742
1400
1026
1341
39
341
747
963
194
1061
325
369
1355
667
721
1466
359
596
687
1493
1551
372
804
153
268
665
936
385
1332
498
875
117
518
462
1536
267
1294
51
482
1452
384
1502
100
298
234
464
617
249
1543
784
766
527
1276
393
259
500
362
1423
1330
474
1465
1401
588
114
970
812
776
710
299
255
1208
874
1045
1336
1218
619
692
1483
76
720
371
1023
337
1439
485
677
802
1302
1001
-1
738
1457
669
623
633
849
1175
1139
1065
748
203
1278
42
467
1366
649
247
1554
445
1259
911
540
1115
1136
859
1253
968
490
1223
406
423
1060
300
616
222
1089
193
815
1508
478
158
1479
213
1342
1552
1315
184
1111
1546
1291
122
226
1525
91
1190
740
1079
684
487
81
466
1226
148
61
1078
1363
1201
736
502
888
715
1179
922
123
142
154
1461
3
494
930
361
489
1055
426
551
517
634
700
851
1064
351
126
1063
1337
928
1380
180
1428
350
1450
1402
319
1192
380
691
1104
855
577
690
789
1476
942
389
1329
96
133
349
1385
620
47
1378
492
1110
808
1013
1018
1495
1206
1459
1249
243
1086
674
572
1189
1528
701
1095
683
1157
978
643
891
48
1360
821
1114
238
221
1369
989
953
975
682
1138
685
1046
1003
1281
903
1438
1270
576
305
1390
379
627
1327
1044
125
764
878
335
912
662
762
473
1072
935
816
27
725
1203
14
206
321
755
671
139
82
1524
813
457
60
49
23
890
92
313
80
205
277
1359
169
55
176
594
44
1397
1174
1116
1210
1539
1520
1074
1017
1214
1098
1233
547
1392
570
443
729
374
1425
488
200
334
197
378
1069
525
1383
991
972
74
26
1489
421
94
746
1411
1177
870
938
1261
526
945
1426
1131
835
947
1449
657
367
934
1120
631
1124
955
1198
1349
544
952
694
1222
354
1199
332
1128
642
477
188
161
219
1446
338
18
486
1160
1334
1153
16
403
499
752
496
513
346
1258
1020
388
1165
1100
676
1033
306
1121
767
173
271
264
1057
1319
1413
1286
270
639
214
1343
30
1440
1209
530
113
1256
722
1250
95
842
1511
1460
1462
429
102
394
1246
663
157
1408
382
37
1225
1042
637
794
1414
1073
931
1005
1227
589
308
668
733
1533
202
1371
1082
699
472
1014
703
1431
404
1158
118
705
768
678
786
1455
1384
357
281
607
1314
882
1075
917
848
626
438
348
1058
86
451
866
844
621
1544
1404
579
192
737
228
425
1152
1241
147
1085
847
345
293
560
316
993
272
131
1228
1458
1117
85
1008
497
664
1021
629
1491
983
779
1178
799
353
1236
892
868
712
777
187
1464
4
977
186
556
571
231
1556
2
1354
53
1356
960
593
1221
693
836
143
1184
1035
611
227
995
1530
1027
988
967
872
1171
1435
491
916
644
149
512
1025
1207
302
864
1415
209
734
575
771
240
1379
686
1094
1028
1434
407
714
198
900
260
333
1548
10
168
1500
894
145
713
1547
545
1106
884
215
127
129
1523
1540
297
524
825
1243
323
924
1507
1229
304
926
1488
557
504
22
1373
452
1317
292
110
1501
269
775
8
590
1361
456
252
1166
395
797
432
653
807
920
516
191
475
1217
239
273
24
1164
326
1220
1146
347
982
28
15
876
1353
697
839
654
1403
435
758
1105
336
852
428
915
1129
889
567
1245
1518
290
1127
164
1036
819
339
503
1039
964
1470
291
311
1180
863
479
140
645
1240
78
468
559
1096
237
1155
548
564
612
177
1109
1145
615
718
1257
137
1427
573
569
638
881
1287
1437
727
857
405
902
258
1056
554
845
1494
1352
731
469
532
1000
959
652
521
1394
370
943
1300
511
646
343
1282
376
1345
803
980
233
759
1288
1471
275
946
543
1172
1312
788
312
282
1433
651
322
1242
303
796
820
433
529
1409
809
1490
130
1141
318
523
1161
31
538
1216
659
1335
969
1154
1477
770
181
732
782
330
364
43
377
640
1485
459
29
21
814
1066
111
929
1133
1357
69
1293
1478
1181
1429
134
932
927
1012
716
999
162
1538
1274
584
606
774
858
1032
101
520
973
745
412
829
658
1170
604
446
201
1048
919
1279
1405
1481
1185
1295
416
1322
698
70
961
1093
510
211
1418
1099
958
501
508
401
610
1310
925
248
279
1126
265
90
1144
1509
1515
1285
1417
294
447
853
793
695
724
901
493
1234
402
116
1147
461
392
1364
1340
743
105
174
981
913
950
276
1134
89
1422
1043
1505
670
109
1204
6
1255
798
941
818
751
99
605
93
470
1053
921
375
1487
856
624
440
1162
124
1448
680
460
756
628
465
1011
1496
792
1091
800
399
106
185
155
1389
944
534
971
883
985
120
1346
949
565
59
1047
1432
719
250
400
1266
19
1054
62
138
1412
340
331
454
601
166
1263
566
1469
1280
1387
1051
439
1237
1370
905
1532
1031
1304
1444
1510
289
257
245
97
906
582
505
709
132
1542
834
1421
13
1173
885
1303
1151
57
218
992
1049
1264
826
1442
75
54
790
1399
1526
1183
1118
515
956
650
822
288
1130
522
1007
1041
873
1277
165
1097
190
739
1535
1376
1395
838
861
828
837
1430
904
328
923
1052
843
287
419
1080
437
519
600
1038
1248
241
195
1555
1436
263
708
232
108
135
581
1316
67
702
396
895
1419
592
283
199
1550
1313
1328
1034
50
1251
1517
415
869
150
535
1549
84
1305
1301
939
360
726
1324
1522
760
1374
170
442
754
673
910
585
73
785
509
64
160
555
455
352
595
1416
32
761
984
1350
778
36
296
1149
1424
1358
413
56
832
1497
1504
998
948
1230
854
1367
951
1265
1113
1284
1062
286
1298
33
422
1513
1331
537
1071
937
1024
908
933
1122
773
1407
831
387
1159
63
458
860
262
1299
717
696
795
17
1254
1040
1498
1474
753
580
327
898
528
1519
1132
974
9
765
598
660
1009
208
827
12
1456
320
40
897
744
1084
823
1318
471
899
688
1272
707
711
1112
1140
681
236
344
1050
1244
862
867
230
1252
597
163
568
602
1196
136
757
1326
107
704
1362
614
1205
1068
196
484
833
1534
940
1306
886
1396
1451
1187
689
887
1475
1467
1081
483
182
1482
1296
1441
1004
1368
342
783
441
390
514
1512
1348
244
811
896
630
632
841
1213
1537
144
1197
1351
1398

