11
208
178
151
334
243
139
63
111
40
341
124
80
183
85
223
180
123
73
161
48
277
284
32
258
29
62
184
321
171
236
278
57
167
105
266
177
52
344
28
238
113
99
17
146
213
252
150
89
88
259
164
331
254
283
239
242
86
307
235
114
71
104
70
190
260
248
200
339
112
1
39
201
291
46
296
148
103
162
21
140
9
227
182
108
120
25
65
174
94
118
192
66
16
189
23
20
298
77
125
232
14
181
202
76
3
106
281
205
225
12
333
72
186
30
233
168
116
250
55
68
216
231
306
96
107
132
308
207
342
179
2
156
38
135
163
194
131
137
257
122
315
345
301
83
69
34
264
172
95
50
314
133
90
193
35
75
196
268
56
24
145
142
33
13
115
313
134
244
60
338
93
54
237
6
221
212
319
246
226
310
41
320
255
199
144
143
92
330
74
332
245
262
100
302
275
335
-1
5
159
316
265
147
270
234
126
130
22
127
31
44
214
198
228
153
285
329
267
173
195
110
191
249
165
27
206
273
59
155
224
219
312
53
154
42
211
309
149
297
170
166
251
311
185
271
328
160
82
10
290
176
287
102
8
157
263
4
61
43
129
327
79
87
175
51
282
286
343
117
45
304
318
18
276
64
293
253
58
279
241
26
15
274
294
136
261
217
91
292
289
158
323
36
121
119
340
138
128
169
300
19
325
84
101
109
299
337
47
218
303
229
210
37
49
326
280
152
288
305
324
187
256
295
97
67
336
203
317
209
230
269
322
215
188
141
247
197
272
222
204
98
220
78
81
7
240

